%YAML:1.0

#--------------------------------------------------------------------------------------------
# Camera Parameters. Adjust them!
#--------------------------------------------------------------------------------------------

# Camera calibration and distortion parameters (OpenCV) 
Camera.fx: 252.33871
Camera.fy: 252.33871
Camera.cx: 307.24241
Camera.cy: 250.17333

Camera.k1: 0.0
Camera.k2: 0.0
Camera.p1: 0.0
Camera.p2: 0.0

Camera.width: 640
Camera.height: 512

# Camera frames per second 
Camera.fps: 10.0

# stereo baseline times fx
Camera.bf: 154.549

# Color order of the images (0: BGR, 1: RGB. It is ignored if images are grayscale)
Camera.RGB: 1

# Close/Far threshold. Baseline times.
ThDepth: 35

#--------------------------------------------------------------------------------------------
# Stereo Rectification. Only if you need to pre-rectify the images.
# Camera.fx, .fy, etc must be the same as in LEFT.P
#--------------------------------------------------------------------------------------------
LEFT.height: 640
LEFT.width: 512
LEFT.D: !!opencv-matrix
   rows: 1
   cols: 5
   dt: d
   data: [-0.35808823, 0.0994318453, 0.0, 0.0, 0.0]
LEFT.K: !!opencv-matrix
   rows: 3
   cols: 3
   dt: d
   data: [429.433, 0.0, 311.192, 0.0, 429.531, 266.128, 0.0, 0.0, 1.0]
LEFT.R:  !!opencv-matrix
   rows: 3
   cols: 3
   dt: d
   data: [0.99997821966532652, -0.0053320014475053482,
          0.0038897243511229682, -0.0052797309798242676,
          0.99989725498223603, 0.013326812063277928,
          -0.0039603832825374392, -0.013305985102691455,
          0.99990362841861036]
LEFT.P:  !!opencv-matrix
   rows: 3
   cols: 4
   dt: d
   data: [252.33871067517285, 0, 307.24241065979004, 0, 0,
          252.33871067517285, 250.17333030700684, 0, 0, 0, 1,
          0]

RIGHT.height: 640
RIGHT.width: 512
RIGHT.D: !!opencv-matrix
   rows: 1
   cols: 5
   dt: d
   data: [-4.2843872979999997e-01, 1.9476135429999999e-01, 0, 0, 0]
RIGHT.K: !!opencv-matrix
   rows: 3
   cols: 3
   dt: d
   data: [4.2727720525849998e+02, 0, 3.3772391452220000e+02, 0,
          4.2259639991009999e+02, 2.2860120591550000e+02, 0, 0, 1]
RIGHT.R:  !!opencv-matrix
   rows: 3
   cols: 3
   dt: d
   data: [9.9822319314421015e-01, -7.2353141530800934e-03,
          5.9144796035518768e-02, 8.0226220787053097e-03,
          9.9988220412196260e-01, -1.3084930843841864e-02,
          -5.9043155437011885e-02, 1.3536177795526067e-02,
          9.9816365275776742e-01]
RIGHT.P:  !!opencv-matrix
   rows: 3
   cols: 4
   dt: d
   data: [2.5233871067517285e+02, 0, 3.0724241065979004e+02,
          -1.5454909986052414e+02, 0, 2.5233871067517285e+02,
          2.5017333030700684e+02, 0, 0, 0, 1, 0]

#--------------------------------------------------------------------------------------------
# ORB Parameters
#--------------------------------------------------------------------------------------------

# ORB Extractor: Number of features per image
ORBextractor.nFeatures: 2000

# ORB Extractor: Scale factor between levels in the scale pyramid 	
ORBextractor.scaleFactor: 1.2

# ORB Extractor: Number of levels in the scale pyramid	
ORBextractor.nLevels: 8

# ORB Extractor: Fast threshold
# Image is divided in a grid. At each cell FAST are extracted imposing a minimum response.
# Firstly we impose iniThFAST. If no corners are detected we impose a lower value minThFAST
# You can lower these values if your images have low contrast			
ORBextractor.iniThFAST: 20
ORBextractor.minThFAST: 7

#--------------------------------------------------------------------------------------------
# Viewer Parameters
#--------------------------------------------------------------------------------------------
Viewer.KeyFrameSize: 0.05
Viewer.KeyFrameLineWidth: 1
Viewer.GraphLineWidth: 0.9
Viewer.PointSize: 2
Viewer.CameraSize: 0.08
Viewer.CameraLineWidth: 3
Viewer.ViewpointX: 0
Viewer.ViewpointY: -0.7
Viewer.ViewpointZ: -1.8
Viewer.ViewpointF: 500


# -----------------------------------------------------------------------------------------------------
# StVO parameters
# -----------------------------------------------------------------------------------------------------
# kf decision (SLAM) parameters
min_entropy_ratio     : 0.85
max_kf_t_dist         : 5.0
max_kf_r_dist         : 15.0

# StVO-PL options
# -----------------------------------------------------------------------------------------------------
has_points         : true      # true if using points
has_lines          : true      # true if using line segments
use_fld_lines      : false      # true if using FLD detector
lr_in_parallel     : false      # true if detecting and matching features in parallel
pl_in_parallel     : false      # true if detecting points and line segments in parallel
best_lr_matches    : true      # true if double-checking the matches between the two images
adaptative_fast    : true      # true if using adaptative fast_threshold
use_motion_model   : true     # true if using constant motion model

# Tracking parameters
# -----------------------------------------------------------------------------------------------------
# Point features
#max_dist_epip     : 1.0        # max. epipolar distance in pixels
min_disp          : 1.0        # min. disparity (avoid points in the infinite)
#min_ratio_12_p    : 0.9       # min. ratio between the first and second best matches

# Line segment features
line_sim_th       : 0.75       # threshold for cosine similarity
stereo_overlap_th : 0.75
f2f_overlap_th    : 0.75
min_line_length   : 0.025      # min. line length (relative to img size)
line_horiz_th     : 0.1        # parameter to avoid horizontal lines (pixels)
min_ratio_12_l    : 0.9        # parameter to avoid outliers in line matching
ls_min_disp_ratio : 0.7        # min ratio between min(disp)/max(disp) for a LS

# LSD parameters
lsd_nfeatures    : 500         # set to 0 if keeping all lines (300)
lsd_refine       : 0
lsd_scale        : 1.2
lsd_sigma_scale  : 0.6
lsd_quant        : 2.0
lsd_ang_th       : 22.5
lsd_log_eps      : 1.0
lsd_density_th   : 0.6
lsd_n_bins       : 1024

# Optimization parameters
# -----------------------------------------------------------------------------------------------------
max_iters        : 5           # max. number of iterations in the first stage of the optimization
max_iters_ref    : 10          # max. number of iterations in the refinement stage
inlier_k         : 4.0         # factor to discard outliers before the refinement stage

# Feature detection parameters
# -----------------------------------------------------------------------------------------------------
matching_strategy : 3
matching_s_ws     : 10
matching_f2f_ws   : 3

# -----------------------------------------------------------------------------------------------------
# PLSLAM parameters
# -----------------------------------------------------------------------------------------------------

fast_matching         : true
has_refinement        : false
mutithread_slam       : false

# lm numbers and errors
min_lm_obs            : 4
max_common_fts_kf     : 0.9

max_kf_epip_p         : 1.0
max_kf_epip_l         : 1.0

max_lm_3d_err         : 0.1
max_lm_dir_err        : 0.1
max_point_point_error : 0.1
max_point_line_error  : 0.1
max_dir_line_error    : 0.1

# graphs parameters
min_lm_ess_graph      : 150
min_lm_cov_graph      : 75
min_kf_local_map      : 3

# LBA
lambda_lba_lm         : 0.00001     # (if auto, this is the initial tau)
lambda_lba_k          : 10.0
max_iters_lba         : 15

# Loop closure
vocabulary_p          : "/home/michael/catkin_ws/src/ORB_LINE_SLAM/Vocabulary/ORBvoc.txt"
vocabulary_l          : "/home/michael/catkin_ws/src/ORB_Line_SLAM/Vocabulary/LSDvoc.txt"

lc_mat                : 0.5
lc_res                : 1.5
lc_unc                : 0.01
lc_inl                : 0.3
lc_trs                : 1.5
lc_rot                : 35.0

max_iters_pgo         : 100
lc_kf_dist            : 50
lc_kf_max_dist        : 50
